9.277461920342143786e-01,6.653700112366660313e-02,5.716806842119045128e-03
9.143746307872550050e-01,7.522171251178744189e-02,1.040365670095757915e-02
7.154075114324940365e-01,2.327762300706039400e-01,5.181625849690209284e-02
8.904323927576398567e-01,9.222872662833657420e-02,1.733888061402332273e-02
2.469973049384968644e-01,5.113047370324476093e-01,2.416979580290552765e-01
3.925546900066438916e-01,3.720065776093282039e-01,2.354387323840279045e-01
3.253329016895556425e-01,5.440473364242554011e-01,1.306197618861888732e-01
8.560675757548802389e-02,1.946271191272999912e-01,7.197661232972121237e-01
7.171162224904219507e-01,2.268616297342469224e-01,5.602214777533132128e-02
3.932307067793640032e-01,4.849397765861067633e-01,1.218295166345295111e-01
8.144243329799747411e-01,1.476085348919614904e-01,3.796713212806411553e-02
9.498431650354040023e-01,4.841302825966892209e-02,1.743806704926785002e-03
9.685996289227973843e-01,2.974141928447413333e-02,1.658951792728359824e-03
7.867731798713862856e-01,2.067048775630747903e-01,6.521942565538831234e-03
4.061132913884918927e-01,4.925126627129785550e-01,1.013740458985294968e-01
7.871195278022352637e-01,2.002774214542124009e-01,1.260305074355250188e-02
9.350029330025538821e-01,5.243863802502020388e-02,1.255842897242567119e-02
6.251169002444537659e-01,2.446552827481559278e-01,1.302278170073905839e-01
7.685662083247046805e-01,1.818424122580106217e-01,4.959137941728438553e-02
6.883141496926991065e-01,2.133183571708899273e-01,9.836749313641086900e-02
3.024852882902469009e-01,2.850156992840658376e-01,4.124990124256870949e-01
1.158219608792079719e-01,4.533098699863835623e-01,4.308681691344086739e-01
3.887299676831118544e-01,3.376004741745999849e-01,2.736695581422880497e-01
8.169764692913500381e-01,1.441136849622174088e-01,3.890984574643253230e-02
9.628169724803384844e-01,2.729473016764363824e-02,9.888297352018229555e-03
3.304290693349059005e-01,2.204650249452083099e-01,4.491059057198857896e-01
8.261806440929175821e-01,1.580536192228359504e-01,1.576573668424655419e-02
8.201734968746600130e-01,1.656312359900402598e-01,1.419526713529951044e-02
3.398411884453306220e-02,1.395635721429305809e-01,8.264523090125366345e-01
9.575069233210505848e-01,4.072982726417706534e-02,1.763249414772482572e-03
2.674491771775947546e-01,4.811239024282072951e-01,2.514269203941980058e-01
6.151720393963403533e-01,3.020869912172959304e-01,8.274096938636399390e-02
6.633498511420284904e-01,2.774780196298465840e-01,5.917212922812488396e-02
3.829618506449602999e-01,3.047398940575281601e-01,3.122982552975115400e-01
8.213962741733188411e-01,9.952507761154995303e-02,7.907864821513131692e-02
9.442927438456034661e-01,5.149364418870414073e-02,4.213611965692308156e-03
7.858515894519990663e-01,2.070968324208866951e-01,7.051578127114122366e-03
9.224880633931791252e-01,7.384247286168239832e-02,3.669463745138376327e-03
2.392927443991358649e-01,1.645393004043197993e-01,5.961679551965441970e-01
8.918253144193835080e-01,8.732104984661774594e-02,2.085363573399854481e-02
8.425818579709671852e-01,1.263374654910996431e-01,3.108067653793354645e-02
1.735783462450066206e-01,1.820396325411987870e-01,6.443820212137946202e-01
8.594650661412615023e-01,1.212629388122620500e-01,1.927199504647635064e-02
9.008656414540036073e-01,9.058408925198122019e-02,8.550269294014985200e-03
9.580020313437805912e-01,3.375532689023599819e-02,8.242641765983415789e-03
8.967431793448574773e-01,9.267946592055842370e-02,1.057735473458433148e-02
4.137924754438468966e-01,4.905917153922526031e-01,9.561580916390065299e-02
6.042402526819095065e-01,3.820018967727832337e-01,1.375785054530736379e-02
9.525846370660908669e-01,4.080831782684733733e-02,6.607045107061938066e-03
4.879752544647250612e-01,2.873215753703895481e-01,2.247031701648853907e-01
6.543746210009546704e-01,2.751429469402483785e-01,7.048243205879663187e-02
6.357197976448393240e-01,2.313153609932858956e-01,1.329648413618749470e-01
7.517468361265720045e-01,2.076078691021576439e-01,4.064529477127025447e-02
9.171868550675758014e-01,5.715331821920534294e-02,2.565982671321892852e-02
9.501335224714559935e-01,4.634591150697994072e-02,3.520566021564052340e-03
8.257824203450540024e-01,1.598703560177426874e-01,1.434722363720348191e-02
7.340145599148577560e-01,2.149041054282218866e-01,5.108133465692026032e-02
8.315610300342788364e-01,1.071917536546462962e-01,6.124721631107480496e-02
6.175178313511493489e-01,2.409847732327750347e-01,1.414973954160756997e-01
7.040367733381642790e-01,2.461349913916648924e-01,4.982823527017093274e-02
8.071307093739344199e-03,6.516683000573478268e-02,9.267618629005257569e-01
9.383499845836059672e-01,5.754900426140438507e-02,4.101011154989518508e-03
1.165654889926014959e-01,1.877942864714511884e-01,6.956402245359474268e-01
7.783580249014249164e-01,1.154798823548341402e-01,1.061620927437409989e-01
2.501938454534704745e-02,1.061859302840821029e-01,8.687946851705709017e-01
7.320787526122568556e-01,1.603711222552586801e-01,1.075501251324845337e-01
1.666580373299031970e-01,4.478687167530764346e-01,3.854732459170204795e-01
5.603587787655454067e-01,4.210888410395597359e-01,1.855238019489491297e-02
6.916179058544627001e-01,2.498823028010545289e-01,5.849979134448244494e-02
6.690577639348955774e-01,1.217327557149371492e-01,2.092094803501671485e-01
2.967415951350969583e-01,4.772622962216511722e-01,2.259961086432519528e-01
1.680420073693088545e-01,1.649382259957822283e-01,6.670197666349090282e-01
2.844416325851002736e-02,1.818090737007026225e-01,7.897467630407871697e-01
5.564361985415641199e-01,3.920892654011288170e-01,5.147453605730693826e-02
5.440237983652754933e-02,1.461041499010786449e-01,7.994934702623939238e-01
2.506673292630229866e-01,1.889759228931336688e-01,5.603567478438431504e-01
6.129308252990313122e-01,3.582372389803827328e-01,2.883193572058590295e-02
7.715339562112403238e-01,1.845888772316566784e-01,4.387716655710315744e-02
6.341649830302098501e-01,3.239787413392202775e-01,4.185627563056988631e-02
8.313593933649170431e-01,1.598714563580442283e-01,8.769150277039021793e-03
6.494480557620646577e-01,3.195889320219262308e-01,3.096301221600900391e-02
2.453512446262121893e-01,3.864135741718107697e-01,3.682351812019769577e-01
1.031640729144553126e-01,2.522736518478896905e-01,6.445622752376549691e-01
7.708328106991430007e-01,1.263203557637102292e-01,1.028468335371466313e-01
4.400133183224290145e-01,1.835030653744562923e-01,3.764836163031151095e-01
1.095443045895347634e-01,2.349639298595664338e-01,6.554917655508990526e-01
6.444042218763591789e-02,1.728009915619103387e-01,7.627585862504538960e-01
6.148758210049630746e-01,2.740512271805678468e-01,1.110729518144692035e-01
1.285299910106122989e-01,9.761524517383216026e-02,7.738547638155557351e-01
3.068145768719416910e-01,4.390904254273907958e-01,2.540949977006674021e-01
1.103521161288651027e-02,5.053761209600331900e-02,9.384271762911098325e-01
4.877947065038494845e-01,1.120775470467061524e-01,4.001277464494443215e-01
7.311576051239605523e-01,2.075012096934724104e-01,6.134118518256697489e-02
9.346057089546010443e-01,5.358014779574176573e-02,1.181414324965708758e-02
8.935283236150644015e-01,9.426366269504238282e-02,1.220801368989309250e-02
8.143417788481015496e-01,6.842197885216633191e-02,1.172362422997322157e-01
6.640425778475317342e-01,2.280654905551816880e-01,1.078919315972864529e-01
8.349150618744211050e-01,1.519479184755970491e-01,1.313701964998210958e-02
8.556232211674249521e-01,1.196528899492396991e-01,2.472388888333507118e-02
5.252354907855923960e-01,4.117042881711924229e-01,6.306022104321505617e-02
2.133812256596094581e-01,1.224822905743149642e-01,6.641364837660755915e-01
8.386650749959281281e-01,1.155036293604098513e-01,4.583129564366202058e-02
4.870618551987585532e-01,1.396557215151117137e-01,3.732824232861297609e-01
9.079076692160822359e-01,8.270932304650971401e-02,9.383007737408141993e-03
9.095609045859741615e-01,8.602413626800323176e-02,4.414959146022722110e-03
1.219629485237536289e-02,1.299449227326878176e-01,8.578587824149366270e-01
4.414375678997642383e-01,4.707918294938108761e-01,8.777060260642477463e-02
9.599174294332749602e-01,3.750173922684872652e-02,2.580831339876174524e-03
7.319367804889423956e-01,2.565491038420296133e-01,1.151411566902783498e-02
8.763991372799183610e-01,1.162730429550694333e-01,7.327819765012330566e-03
4.145592642507145986e-01,4.812982509272316634e-01,1.041424848220536409e-01
6.390995272204342825e-01,2.313047520558045855e-01,1.295957207237610209e-01
1.411881949239675582e-01,3.135228747572427199e-01,5.452889303187898884e-01
9.376772266224443486e-01,5.946225827336183017e-02,2.860515104193727103e-03
1.469500286571920611e-01,6.390044605136629974e-01,2.140455108291451636e-01
7.080761154690679016e-01,2.780224344522878033e-01,1.390145007864448945e-02
9.598895999075249819e-01,3.934521633350394204e-02,7.651837589710918210e-04
1.990915358680323509e-03,5.880958118749819025e-02,9.391995034538215270e-01
8.896733175854285025e-02,7.329759288511995541e-01,1.780567393902578455e-01
9.239893928523452704e-01,7.392002637550541821e-02,2.090580772149231575e-03
9.770337556965777992e-01,2.184407725779129866e-02,1.122167045631287680e-03
8.301936896919517306e-01,1.536838154697877101e-01,1.612249483826025051e-02
7.891921281535418942e-01,1.905608699255181837e-01,2.024700192093990825e-02
7.610436762065674321e-01,2.100118301319166825e-01,2.894449366151577094e-02
8.288778055714817183e-01,1.542791110183881209e-01,1.684308341013009483e-02
5.044781241721706111e-02,1.162267865702165531e-01,8.333254010125669131e-01
2.328050702831214736e-01,4.881931800550048384e-01,2.790017496618738546e-01
2.660701200247088671e-01,3.282260436435480710e-01,4.057038363317430063e-01
6.727395160430985621e-01,2.262878380724616112e-01,1.009726458844398822e-01
9.493920327777767287e-01,4.597082681847687591e-02,4.637140403746561022e-03
5.582772613746685986e-01,3.945340617475882050e-01,4.718867687774321029e-02
8.729613440177325101e-01,1.142777454015028865e-01,1.276091058076482369e-02
8.930745532534609676e-01,9.598511080536469009e-02,1.094033594117436829e-02
9.642499747624370121e-01,2.591315575270256022e-02,9.836869484860576857e-03
2.382453527260353365e-01,5.756191045039923404e-01,1.861355427699722953e-01
8.482436859506846671e-01,6.842034968531095218e-02,8.333596436400454721e-02
7.307063704854982467e-02,1.041893041861280816e-01,8.227400587653219688e-01
8.864986268157066807e-01,9.144051074720024874e-02,2.206086243709283815e-02
1.367109555140438642e-03,8.527941223426524497e-02,9.133534782105943162e-01
5.802771161934526800e-01,3.699865954444144789e-01,4.973628836213292437e-02
2.823637761687415315e-01,3.395085987239405134e-01,3.781276251073180106e-01
3.489349963499916579e-02,3.753175586840493821e-02,9.275747444965960486e-01
6.342381762515569843e-01,3.063600435073706718e-01,5.940178024107237165e-02
8.005797431573895562e-01,1.859007405341950303e-01,1.351951630841546556e-02
8.875711936585695128e-01,1.041439339521733065e-01,8.284872389256934394e-03
7.212212317051014399e-01,1.823879123174786121e-01,9.639085597742008682e-02
7.587105844912434005e-01,2.345506025314201548e-01,6.738812977336495862e-03
7.870960418949451975e-01,1.977746718312604068e-01,1.512928627379434010e-02
2.138000324197867896e-01,1.302106022428162480e-01,6.559893653373970457e-01
2.479941909234556832e-02,2.334182647500335495e-01,7.417823161576206914e-01
6.441197728622166663e-01,3.347232471396723308e-01,2.115697999811089192e-02
5.065404692018926625e-01,1.835426921344549545e-01,3.099168386636522721e-01
9.493119068584852105e-01,4.523996156937368923e-02,5.448131572141072521e-03
1.633618692456652310e-02,7.884155070620330052e-02,9.048222623692299127e-01
2.833036814981627627e-01,2.916649933065879607e-01,4.250313251952493321e-01
5.343975405216466745e-01,3.668838970280621226e-01,9.871856245029121679e-02
7.173471911940955126e-01,2.617827039812885559e-01,2.087010482461589683e-02
2.692058594095049773e-01,2.290662218177579867e-01,5.017279187727369250e-01
7.889172534593876795e-01,1.920282920213532141e-01,1.905445451925900924e-02
6.845026447039684880e-01,2.430991495787809820e-01,7.239820571725043286e-02
4.799009878353007186e-01,1.124136934598707754e-01,4.076853187048284366e-01
3.330143373611951091e-02,2.287432901147889719e-01,7.379552761490913992e-01
8.323883287559143973e-01,1.165727923062145344e-01,5.103887893787098506e-02
6.451997034934030262e-02,1.923897905890225302e-01,7.430902390616370701e-01
1.433469362267283109e-01,1.720374052182029878e-01,6.846156585550686735e-01
4.304082105744183040e-01,5.110689764814682068e-01,5.852281294411347534e-02
4.099038096694317956e-01,2.528384085853513374e-01,3.372577817452165894e-01
6.956150951398992754e-02,3.342954943672958867e-01,5.961429961187140192e-01
1.956292975132600254e-01,3.781655099661997976e-01,4.262051925205401215e-01
9.687200251692340558e-01,2.888246457690931551e-02,2.397510253856604840e-03
7.497337717234850984e-01,2.058485098568463845e-01,4.441771841966869055e-02
9.274942598720484210e-02,2.477610230091226162e-01,6.594895510036723474e-01
7.888544649442599255e-01,1.994150342733857217e-01,1.173050078235457483e-02
9.365573554731261297e-01,5.764633153595842552e-02,5.796312990915564525e-03
6.750971951082367362e-01,1.492119645612444978e-01,1.756908403305188493e-01
8.757447697769996653e-01,9.964427194566680135e-02,2.461095827733338071e-02
4.030992208341664662e-02,3.929723604880810961e-01,5.667177174285019658e-01
8.382833411846372929e-02,3.757402670244755494e-01,5.404313988570602634e-01
9.254394131072067875e-01,6.438399525852236960e-02,1.017659163427078739e-02
6.138729644346273273e-02,1.478966815449914429e-01,7.907160220115458937e-01
1.248154595119762567e-01,1.258857913763261893e-01,7.492987491116973597e-01
8.518067514423955933e-01,1.384520949320564853e-01,9.741153625548148662e-03
7.089903924850238237e-01,2.612038816535028340e-01,2.980572586147326244e-02
7.220277161194245397e-02,1.880125565343522265e-01,7.397846718537055555e-01
9.017245569769505309e-01,6.923267982984535052e-02,2.904276319320416369e-02
9.815032721736777557e-03,1.478981104534055624e-01,8.422868568248575993e-01
7.063655426758526090e-01,2.340141307296693118e-01,5.962032659447785710e-02
6.724295759451862642e-01,1.532496822749393195e-01,1.743207417798745273e-01
6.051153258849090166e-02,3.056169767258258840e-01,6.338714906856832698e-01
4.056996799326275105e-01,1.285694179829422190e-01,4.657309020844301872e-01
9.285337396464138360e-01,6.238270250549714235e-02,9.083557848089203815e-03
4.965386579992964872e-02,4.762275077605025997e-01,4.741186264395679251e-01
2.910577218042177949e-01,2.070627534361740296e-01,5.018795247596081754e-01
8.437802297479450875e-01,1.465844807897304924e-01,9.635289462324506810e-03
6.969293939966778595e-01,2.571612288294610194e-01,4.590937717386128769e-02
5.567241309896651946e-02,2.973490434754786360e-01,6.469785434255550527e-01
2.176310177081709207e-01,1.852692835624915879e-01,5.970996987293374358e-01
3.265808861773820126e-01,4.074752756340641602e-01,2.659438381885540492e-01
3.274634576936777657e-03,3.368981693071911310e-01,6.598271961158718169e-01
7.399816661842503196e-01,1.444483052126754596e-01,1.155700286030741375e-01
5.793275143498780588e-01,2.775353117456230700e-01,1.431371739044985936e-01
1.296123729125189979e-02,3.971802500920079693e-02,9.473207376995473883e-01
7.862069484551483800e-01,8.943704432201790566e-02,1.243560072228336449e-01
4.645106897933089507e-01,2.111763462994467599e-01,3.243129639072442894e-01
2.209731989580846767e-01,6.383348690652901336e-01,1.406919319766249399e-01
1.178163878282626788e-02,1.063836283021869916e-01,8.818347329149867075e-01
5.439038683960533138e-01,3.466752228734247820e-01,1.094209087305219735e-01
8.523491482188308987e-01,1.204665506886802573e-01,2.718430109248897580e-02
1.877582632723201750e-01,5.098556036729589014e-01,3.023861330547207849e-01
5.731503569520851604e-02,3.435461184412226254e-01,5.991388458635691361e-01
6.244742029144589174e-02,3.038002139750601849e-01,6.337523657334940275e-01
9.853393512569754709e-01,9.862954359582697117e-03,4.797694383441823349e-03
8.470909550315567360e-01,1.334394132706273051e-01,1.946963169781587219e-02
9.526077740282266060e-01,4.589759825632626355e-02,1.494627715447211132e-03
4.109639343732688355e-01,3.786134283505925291e-01,2.104226372761387742e-01
4.267442900231732117e-01,3.585657831788821581e-01,2.146899267979446302e-01
9.263440456533591494e-01,6.774793559620971573e-02,5.908018750430933663e-03
3.781884796532814508e-01,5.442192642214599418e-01,7.759225612525857962e-02
4.570872716671321029e-02,7.992808358195158114e-02,8.743631892513351600e-01
8.758948433520424848e-01,1.163315046672282610e-01,7.773651980729039991e-03
7.974536177334096143e-02,2.545718699373475946e-01,6.656827682893113884e-01
8.820697213149313320e-01,1.028839719473426811e-01,1.504630673772595038e-02
7.796998043989721294e-01,1.131084085777898374e-01,1.071917870232377001e-01
9.505032688024963594e-01,4.633012357368564843e-02,3.166607623818235018e-03
7.180914904770108187e-01,2.047297169170382292e-01,7.717879260595091051e-02
1.579888620422032972e-02,1.827715111300778350e-01,8.014296026657017347e-01
9.404870072268187720e-01,5.653888732474869616e-02,2.974105448432360146e-03
8.626006245864423772e-01,1.186778943502155709e-01,1.872148106334204157e-02
5.913897649363050735e-02,1.787464976332083511e-01,7.621145258731610861e-01
2.148027994910916005e-01,5.111166930730944857e-01,2.740805074358139692e-01
7.255464627704235614e-01,1.673147850808890946e-01,1.071387521486874134e-01
2.181856608382277529e-03,6.875566161776736074e-02,9.290624817738505348e-01
4.885534935515320476e-01,4.637018789279096498e-01,4.774462752055832343e-02
3.883537169943124256e-01,4.796616195915164305e-01,1.319846634141710606e-01
3.902340107529493340e-01,5.633518315782140018e-01,4.641415766883655314e-02
5.720629410105783075e-01,1.378151568817433670e-01,2.901219021076784088e-01
6.133721241901021054e-02,1.722023018195818489e-01,7.664604857614079059e-01
4.538991263437956031e-02,1.758998015697919581e-01,7.787102857958285718e-01
9.272928599369437697e-01,6.823611644649044128e-02,4.471023616565784724e-03
7.950094269182082438e-03,6.440686906495858566e-02,9.276430366658592330e-01
1.175351594369066464e-02,4.690118460401866002e-02,9.413452994522909512e-01
6.542532862021500917e-02,7.218831546789340747e-02,8.623863559118917221e-01
9.484275943923852203e-01,5.019223277666264027e-02,1.380172830952165405e-03
6.307826316585818383e-01,5.483652003683379961e-02,3.143808483045845148e-01
5.983513725661867566e-01,3.177252105617761613e-01,8.392341687203710987e-02
1.010294944862506587e-02,1.924709591618525284e-01,7.974260913895224734e-01
7.296844848052401744e-01,1.890358759309425096e-01,8.127963926381735760e-02
2.489518647289118702e-01,1.713969757213580913e-01,5.796511595497298996e-01
9.567459599373725476e-01,3.853417633505321072e-02,4.719863727574370900e-03
8.341837648209297074e-01,1.301241591235786366e-01,3.569207605549174628e-02
2.486193549207727782e-01,1.309704177040194872e-01,6.204102273752074570e-01
4.176591674188803727e-01,4.655213709136345468e-01,1.168194616674850389e-01
9.209729916773174985e-01,7.251675124891143742e-02,6.510257073771247120e-03
4.219008155039142838e-01,4.680749708443597557e-02,5.312916874116496713e-01
2.027249289467465687e-01,1.325850596271417603e-01,6.646900114261115045e-01
9.420214042396775067e-01,5.104279888618076105e-02,6.935796874141768667e-03
8.227823224083201659e-01,1.078072621848441409e-01,6.941041540683581812e-02
5.478618866261522058e-01,3.703491004513222440e-01,8.178901292252560573e-02
1.282866804489474211e-01,1.319275628472876827e-01,7.397857567037646742e-01
1.865428685256549368e-01,1.837063656358172148e-01,6.297507658385280704e-01
1.362664625622539150e-01,1.655061434284637589e-01,6.982273940092822428e-01
4.576600754287282746e-01,2.510682214984447658e-01,2.912717030728271261e-01
5.118013622565740356e-02,6.329816801622722977e-02,8.855216957581154569e-01
9.008767270759452384e-01,9.339186009644788455e-02,5.731412827606846734e-03
1.514025328938462256e-01,1.732396759486679594e-01,6.753577911574858428e-01
8.762957178563989258e-01,9.914400858827158991e-02,2.456027355532959186e-02
5.678831941090635160e-01,3.860435119103068913e-01,4.607329398062962739e-02
1.699013499348024994e-02,5.413787736811944556e-02,9.288719876384002871e-01
9.773353635504534731e-01,1.885766055843834943e-02,3.806975891108319281e-03
4.754086013437889280e-01,4.836889419692192438e-01,4.090245668699168252e-02
8.799112299318541108e-01,1.138993381113295733e-01,6.189431956816345351e-03
8.295410840206218772e-01,1.482211125268129148e-01,2.223780345256539184e-02
2.126846372043055822e-01,2.886850796547934528e-01,4.986302831409007430e-01
3.432825010126860227e-02,1.882039024041629871e-01,7.774678474945683204e-01
9.725318545996267661e-01,2.355545896777348769e-02,3.912686432599735836e-03
1.144009445544012099e-01,2.985313799562237524e-01,5.870676754893752181e-01
7.265840215848226036e-01,2.368552046946519607e-01,3.656077372052542185e-02
6.055459580385649243e-01,3.298482277841970345e-01,6.460581417723791631e-02
2.144141027622907814e-01,4.920308767153706575e-01,2.935550205223386722e-01
7.099331700578290771e-01,1.986621884532025761e-01,9.140464148896837449e-02
7.941231704864307184e-02,2.333800853496868499e-01,6.872075976016701615e-01
8.697905712169117232e-01,1.234682978122636776e-01,6.741130970824290441e-03
5.719230895563314210e-01,3.317973249448809558e-01,9.627958549878762318e-02
9.796201172539910074e-01,1.872512744483298755e-02,1.654755301176008119e-03
2.965305816201241687e-02,1.135512890925303719e-01,8.567956527454569926e-01
4.472170179389265560e-02,1.067546263577975468e-01,8.485236718483099017e-01
8.287277448318139950e-01,1.576380557290287809e-01,1.363419943915733165e-02
9.497892123663221886e-01,4.356656286655972293e-02,6.644224767118124021e-03
9.188664143328900691e-01,7.037360290284735975e-02,1.075998276426274290e-02
8.155302866457581068e-01,1.779779807040695050e-01,6.491732650172428107e-03
9.645974448752162589e-01,3.277956904116008374e-02,2.622986083623699005e-03
3.353660350028258436e-02,1.317565880112702703e-01,8.347068084884471384e-01
9.665680745044554767e-01,2.915982920381238533e-02,4.272096291731876036e-03
6.611042766004976423e-01,1.166346111969111254e-01,2.222611122025913433e-01
2.848795291938889251e-01,2.567117012136160836e-01,4.584087695924946582e-01
3.753014461855420092e-01,4.393929199865359569e-01,1.853056338279219784e-01
3.396130400599703392e-01,1.700636307935635139e-01,4.903233291464659249e-01
8.864155064438756781e-01,9.547960215741578549e-02,1.810489139870813738e-02
1.766156721263584251e-02,1.997621067515215620e-01,7.825763260358422624e-01
2.058912096054061336e-01,2.028442158487819558e-01,5.912645745458116053e-01
5.696442452483126972e-01,1.998614051650539347e-01,2.304943495866334513e-01
4.437061963108324819e-02,2.610801496315671155e-01,6.945492307373494212e-01
3.721602488066350772e-02,6.840641065172965440e-01,2.787198686020401217e-01
9.545456604760714781e-01,3.682937306518639653e-02,8.624966458742167053e-03
4.223587763885929824e-01,4.484166743958317158e-01,1.292245492155753295e-01
8.811634286850581477e-01,1.057231319593618657e-01,1.311343935558001959e-02
7.890529105431444146e-01,1.584917124012520107e-01,5.245537705560350539e-02
2.508246239133846492e-02,2.453922348705877832e-01,7.295253027380739219e-01
6.079621000527583030e-01,3.394314703684322421e-01,5.260642957880948267e-02
7.114069265204103765e-01,2.631995579419645903e-01,2.539351553762514424e-02
4.188661304925406226e-02,5.749410693655436777e-01,3.831723175852020935e-01
1.251335349667047070e-01,4.132240292429822381e-01,4.616424357903131104e-01
7.935404857707051285e-01,1.306001477125928734e-01,7.585936651670210917e-02
9.092632427393720906e-01,7.223263831806268909e-02,1.850411894256529313e-02
4.577719595327949254e-01,4.811480976177265889e-01,6.107994284947850655e-02
4.073050754394251516e-02,2.387948650335667278e-01,7.204746274224903546e-01
2.722533865667063901e-01,4.051436244546531285e-01,3.226029889786406479e-01
6.312108612532435492e-01,1.830182547746366517e-01,1.857708839721198268e-01
4.004239980227997653e-01,4.723103331272611727e-01,1.272656688499389510e-01
5.843087431518519947e-01,3.332044834181052129e-01,8.248677343004277851e-02
7.666453375285686711e-01,1.868190944728355674e-01,4.653556799859558113e-02
1.672398485746681984e-01,1.887656274156922498e-01,6.439945240096395240e-01
9.211965957177979947e-01,7.645177486052100180e-02,2.351629421681046463e-03
3.601910336316000993e-01,4.619250386331507641e-01,1.778839277352492199e-01
2.861418140527651199e-01,1.239505456366512409e-01,5.899076403105837363e-01
8.385735996791496283e-02,1.611009055699000325e-01,7.550417344621848104e-01
3.746895436682879613e-03,6.910219197534057944e-02,9.271509125879763280e-01
1.955252825827792640e-01,1.964932478480103939e-01,6.079814695692105087e-01
1.230452056890576906e-02,1.428749410869168401e-01,8.448205383441775851e-01
8.459550120417304031e-01,1.074952532752704998e-01,4.654973468299905548e-02
6.867594350350750831e-01,2.530778354822920129e-01,6.016272948263295950e-02
6.448192381613048196e-01,2.440684866534170716e-01,1.111122751852780394e-01
2.394249090725170809e-02,1.382431811975083358e-01,8.378143278952395745e-01
8.074939214263276988e-01,9.950670803150987731e-02,9.299937054216243781e-02
6.215579934518687677e-02,4.588366672551796172e-02,8.919605339292953072e-01
9.494240547728042268e-01,4.802900436522922201e-02,2.546940861966730339e-03
6.602010117744764317e-01,3.024765469979954213e-01,3.732244122752811921e-02
7.808856828275456685e-01,1.992547749649979105e-01,1.985954220745606708e-02
9.170109288309647999e-01,6.476338251866571583e-02,1.822568865036961958e-02
3.909603958747092656e-01,4.983118382056324625e-01,1.107277659196581193e-01
5.989843690412448296e-02,2.384801096055843839e-01,7.016214534902910360e-01
9.367978064126311066e-01,5.040064780519955961e-02,1.280154578216934937e-02
3.624897893877633281e-01,5.574180897877553109e-01,8.009212082448144421e-02
2.380254167818817920e-03,3.626997725903132602e-02,9.613497685731495768e-01
9.061662198749161901e-01,8.017405358245746627e-02,1.365972654262624653e-02
1.944050272802982579e-02,1.689775965049822581e-01,8.115819007669878848e-01
2.619092148826418498e-01,4.995632587675845060e-01,2.385275263497734499e-01
4.226671200744160362e-01,3.177431457880893761e-01,2.595897341374945877e-01
4.803030031993532623e-02,4.013838280083170118e-01,5.505858716717476620e-01
7.063989166892483684e-01,1.284404977488162458e-01,1.651605855619356356e-01
3.561942681676587563e-01,3.771273818811498035e-01,2.666783499511912736e-01
9.319734787227799966e-02,2.311874837531263105e-01,6.756151683745958980e-01
5.481058370101695408e-03,5.901112526036821765e-02,9.355078163695301763e-01
8.755256807135228803e-01,9.685232264848349371e-02,2.762199663799371971e-02
9.190913818816616176e-01,6.515332936510971618e-02,1.575528875322873557e-02
6.226249080924776136e-01,3.528907366963034975e-01,2.448435521121879871e-02
2.310905366089633251e-03,1.120902869553003500e-01,8.855988076786101004e-01
4.785980498521345827e-02,2.394832230984175192e-01,7.126569719163690086e-01
4.030895905463043327e-01,3.447729818905176935e-01,2.521374275631778628e-01
7.641985864073181922e-01,1.633590215838837123e-01,7.244239200879806773e-02
8.958356987669124916e-01,6.104946055555866141e-02,4.311484067752885396e-02
3.339042713029139464e-01,5.714069516470873245e-01,9.468877704999867362e-02
9.641737286892966274e-01,3.377283967933134012e-02,2.053431631371933561e-03
9.590747587005969965e-01,3.080644622096858146e-02,1.011879507843445845e-02
5.727451788024806589e-03,6.774411252399033245e-02,9.265284356879850414e-01
5.314333776665999126e-02,7.375418057012597117e-01,2.093148565320804289e-01
8.128177389432507116e-01,5.520946345011002593e-02,1.319727976066393527e-01
2.000947348154736259e-03,6.108572884816485665e-02,9.369133238036805311e-01
3.769510685030310910e-03,6.754528214369111272e-02,9.286852071712783374e-01
6.194020645129936359e-02,2.203619160718593706e-01,7.176978774768409952e-01
1.269960118714596672e-02,1.126177104064711443e-01,8.746826884063825247e-01
7.941319524959866705e-02,1.144049587864768430e-01,8.061818459639246148e-01
8.724468096226967173e-01,1.247357005713533723e-01,2.817489805950138503e-03
3.136676513986441650e-02,1.439070235657996244e-01,8.247262112943359869e-01
2.636849624465287256e-01,4.604263397427385551e-01,2.758886978107326082e-01
8.674406876820730528e-01,1.154813054785688853e-01,1.707800683935797870e-02
7.498627650825626656e-01,2.295528980066368907e-01,2.058433691080034655e-02
4.945653026640165276e-03,4.739630747669832528e-02,9.476580394966617193e-01
8.247887668806107297e-02,3.281161137387150761e-01,5.894050095732237260e-01
2.942768373592780651e-01,3.270659132938174007e-01,3.786572493469044787e-01
5.134007932109032474e-02,5.033651714386189191e-02,8.983234035350479152e-01
1.029046477416923309e-03,4.130323682455848411e-02,9.576677166980246403e-01
6.042439194083990550e-01,3.499734520966134022e-01,4.578262849498759141e-02
8.153442788584994716e-01,1.560088890038605347e-01,2.864683213764030942e-02
8.788983165915103049e-03,1.114035730804444763e-01,8.798074437536402836e-01
8.892579748724844801e-01,1.028382594603224620e-01,7.903765667193210498e-03
5.323481666283933628e-02,2.102173411774556355e-01,7.365478421597052572e-01
7.055833452421428342e-02,3.423380692534545022e-01,5.871035962223308813e-01
4.260829194970746636e-01,2.491461014728627854e-01,3.247709790300626898e-01
6.422421485361615723e-01,2.368234858763612893e-01,1.209343655874769857e-01
6.807863327438922196e-01,1.812394777477597529e-01,1.379741895083480829e-01
2.207407809200210951e-03,4.022115351893341267e-02,9.575714386718664484e-01
7.021919146653359256e-01,2.571017531720662941e-01,4.070633216259781501e-02
4.553082107796266875e-01,1.568541963432163178e-01,3.878375928771569114e-01
1.768823158279973426e-02,1.742157964510734347e-01,8.080959719661271468e-01
2.089231481362194831e-01,4.955779484418312841e-01,2.954989034219492883e-01
1.647034856303523573e-02,4.726428113212657323e-01,5.108868401156990702e-01
3.669069542492617297e-01,1.179836543844343527e-01,5.151093913663040702e-01
4.178132353369541918e-01,4.679586222550459196e-01,1.142281424079998331e-01
2.063353451878905120e-01,1.892194398289954449e-01,6.044452149831140986e-01
4.654600766418685032e-01,2.876009429238393089e-01,2.469389804342919936e-01
2.673368283461450244e-03,1.302682834805813372e-01,8.670583482359573990e-01
9.712843211620647565e-01,2.773769665367263604e-02,9.779821842624950891e-04
9.259535817919392064e-01,7.084887410291565435e-02,3.197544105145279716e-03
4.265203666688445749e-01,4.112772587439186278e-01,1.622023745872367140e-01
8.325919219083195710e-02,1.402161616663901988e-01,7.765246461427778302e-01
3.972014881067505443e-01,3.922020161599095722e-01,2.105964957333396059e-01
8.786607770299199593e-01,9.214417080821768469e-02,2.919505216186212698e-02
7.181417209279729041e-01,2.367930066925616750e-01,4.506527237946537229e-02
6.223858180386830988e-03,7.560466042871374914e-02,9.181714813908991024e-01
8.580036097292249586e-01,8.472131782811719025e-02,5.727507244265747643e-02
1.726687555866933121e-01,2.676229391588001438e-01,5.597083052545064330e-01
5.166247594302003643e-01,3.210038046275355272e-01,1.623714359422642473e-01
1.251014135584534691e-02,1.426075537414066008e-01,8.448823049027477383e-01
1.711231160530252149e-02,2.754789984329825692e-01,7.074086899617150204e-01
1.106283823750225243e-01,1.725025167760778078e-01,7.168691008488993210e-01
1.409302750568333130e-02,9.210314062870086915e-02,8.938038318656155168e-01
2.407921725385355448e-03,3.540988615771969300e-02,9.621821921168949299e-01
5.881775835725113789e-03,9.355979486855683924e-02,9.005584292957180548e-01
6.891244685437477591e-01,2.625179785599036641e-01,4.835755289634875720e-02
1.225439180125044158e-01,5.064378554461902437e-01,3.710182265413051184e-01
7.341880201986532573e-01,2.090881802665332800e-01,5.672379953481358067e-02
1.153720372617260837e-03,4.263062241582564471e-02,9.562156572115573239e-01
3.041605813353611132e-01,2.568791759808944919e-01,4.389602426837441729e-01
4.437711508823660028e-02,1.485403902570956169e-01,8.070824946546679701e-01
6.684917428578210918e-01,3.139612631162510548e-01,1.754699402592765911e-02
5.013228261325033963e-02,3.162062314308046185e-01,6.336614859559454027e-01
7.649482458081638958e-01,2.017420179503714717e-01,3.330973624146444517e-02
2.339975920693723455e-01,1.109859377845122674e-01,6.550164701461155259e-01
3.975357473387759050e-02,3.123971189379697866e-01,6.478493063281522968e-01
1.898931354704029920e-02,2.213393328588777742e-01,7.596713535940817774e-01
8.195613420962770679e-01,1.250996184789584520e-01,5.533903942476463972e-02
5.832566878348631745e-01,2.739146877078550424e-01,1.428286244572819774e-01
2.166290598606628384e-02,2.638202720160320869e-01,7.145168219979017854e-01
1.547482026987634096e-01,1.464774643397942500e-01,6.987743329614423127e-01
5.414723313606570887e-01,3.038709282396341860e-01,1.546567403997088364e-01
9.332342441973070502e-01,5.601033501997116498e-02,1.075542078272154374e-02
8.950449420973717318e-01,9.551092363454755096e-02,9.444134268080359856e-03
2.113359927997546239e-02,1.893146293058070029e-01,7.895517714142172849e-01
8.232133625155324541e-01,1.614331964119908314e-01,1.535344107247705973e-02
2.998847162452104084e-03,2.583008145241841857e-01,7.387003383133642354e-01
8.310258629978162226e-01,1.084921461031441853e-01,6.048199089903977949e-02
2.934503404315213018e-02,1.847545871410517238e-01,7.859003788157958859e-01
3.386857820488213544e-02,4.802693260290416544e-02,9.181044891922139906e-01
2.288468733382664592e-03,7.340696240185670685e-02,9.243045688647607561e-01
1.387394664510256947e-01,2.738095005098535872e-01,5.874510330391207180e-01
8.317912983332029775e-01,1.258881765362337424e-01,4.232052513056317605e-02
6.022527037315541509e-01,9.376002201715560869e-02,3.039872742512900183e-01
9.095311770593558220e-01,7.735613261140189545e-02,1.311269032924216628e-02
4.169482581432985002e-01,3.841631206041490887e-01,1.988886212525526331e-01
4.053428378343689187e-01,4.007196097006671676e-01,1.939375524649636640e-01
5.928486670327776098e-01,2.187056659254173752e-01,1.884456670418048208e-01
4.628865055926582872e-02,1.382961090836884177e-01,8.154152403570458230e-01
8.314180003064007840e-01,1.012970424918403084e-01,6.728495720175899086e-02
4.482356447137359964e-03,9.926031432791389275e-02,8.962573292249487178e-01
5.784185432575394969e-01,1.335530666364921626e-01,2.880283901059684237e-01
9.341553676023921504e-01,6.075370211591786529e-02,5.090930281689953936e-03
6.110800870854308231e-01,2.112773027344114762e-01,1.776426101801574231e-01
5.473911521812946726e-03,6.580176401986194412e-02,9.287243244583252011e-01
5.820761109560214086e-01,3.408544042299707089e-01,7.706948481400804907e-02
8.407950964259859605e-02,2.439208501149272845e-01,6.719996402424739390e-01
5.939607029651597925e-01,1.338584740523267036e-01,2.721808229825132819e-01
3.122537774786176556e-01,4.175987136229944996e-01,2.701475088983877337e-01
3.436638184691064857e-01,5.226526704921305999e-01,1.336835110387627479e-01
8.852065681869283331e-01,1.088319312901939589e-01,5.961500522877576959e-03
5.449201373167262830e-01,3.721218294545348138e-01,8.295803322873902819e-02
2.961660128964190702e-02,8.338057325356192095e-02,8.870028254567960957e-01
1.798084402312551400e-01,2.747156989982658115e-01,5.454758607704789375e-01
6.570275254472358537e-03,1.873968643568000858e-01,8.060328603887276788e-01
7.720675804736284453e-01,1.201058349726478042e-01,1.078265845537236117e-01
8.747894022561903959e-01,7.934565780424966686e-02,4.586493993955994414e-02
6.067481130774583509e-01,2.923755225459250817e-01,1.008763643766164564e-01
8.783165493093378906e-01,5.098780057616313782e-02,7.069565011449874259e-02
1.612526599990786111e-02,4.758344664538630836e-02,9.362912873547056813e-01
5.500229654441307625e-01,2.635466946821122258e-01,1.864303398737568729e-01
8.294047318963421178e-01,1.486353878365602454e-01,2.195988026709771654e-02
3.487370499509545585e-02,1.042919658541533456e-01,8.608343291507514206e-01
3.494810200037476271e-03,8.577166650942766313e-02,9.107335232905346967e-01
4.724517386841055044e-01,4.414262378234776740e-01,8.612202349241680766e-02
2.237534951304849529e-01,8.728056320573460147e-02,6.889659416637805567e-01
7.827359061190735101e-01,1.538757589648563906e-01,6.338833491607009929e-02
9.426427903353435944e-01,5.299902605037654785e-02,4.358183614279838650e-03
4.760394277079195158e-01,4.375004126088275491e-01,8.646015968325275469e-02
3.450342979645988906e-01,2.134320358450671196e-01,4.415336661903339621e-01
2.215514319486948727e-02,1.584052495816463124e-01,8.194396072234841899e-01
3.798674220605392504e-01,7.194922654108856785e-02,5.481833513983721540e-01
5.762614767549841498e-03,4.014729930875375608e-02,9.540900859236963738e-01
4.195062063742421334e-03,1.303559965632209439e-01,8.654489413730366287e-01
9.949100158923475379e-02,9.006572866514386821e-02,8.104432697456211976e-01
5.015744454490114745e-03,3.134285212761957901e-02,9.636414034178902854e-01
5.737214953921891958e-01,1.271891720081095023e-01,2.990893325997011076e-01
2.170912507549778714e-01,3.544704874611036560e-01,4.284382617839184726e-01
3.660530446897230367e-02,2.338018203575623066e-01,7.295928751734651607e-01
8.477009748714831039e-02,2.350202722651026921e-01,6.802096302477489420e-01
7.066054571639790623e-03,8.033256977686613343e-02,9.126013756514939068e-01
8.321231729960811840e-01,1.515014158371401354e-01,1.637541116677897202e-02
7.037972447533419329e-01,2.575968530818968372e-01,3.860590216476118830e-02
8.122265793061906880e-01,1.002908889367953027e-01,8.748253175701409257e-02
8.058898354360882754e-03,6.277459049105819922e-02,9.291665111545811540e-01
7.478298236429201107e-02,1.915506609835529728e-01,7.336663566521549606e-01
1.440670306676704870e-01,2.511002815223793982e-01,6.048326878099501425e-01
3.604907490054093944e-01,3.646367288248504313e-01,2.748725221697401744e-01
2.554564332663387116e-01,4.918937274004518412e-01,2.526498393332093362e-01
5.363555025335629001e-01,2.805356094738143957e-01,1.831088879926231483e-01
2.936294675272859700e-01,5.644412608705462464e-01,1.419292716021673395e-01
4.276489587438771223e-02,4.527488774659256254e-01,5.044862266596866762e-01
3.146371593391985438e-02,3.033106673715867396e-01,6.652256166944934268e-01
9.194489260027595146e-01,7.440080354966291387e-02,6.150270447577521268e-03
9.355697169021588433e-01,5.727366888524982463e-02,7.156614212591424877e-03
7.117568893568326782e-01,2.032974955256265648e-01,8.494561511754084027e-02
1.219336213152701492e-01,2.242292475480714975e-01,6.538371311366582006e-01
6.421012522078831664e-01,2.243672451633028364e-01,1.335315026288139417e-01
1.487359681897848507e-02,1.274804361067455316e-01,8.576459670742759833e-01
7.370901840778514014e-02,6.193609183305399668e-01,3.069300632616747682e-01
9.452349284746874858e-01,5.094688734712583822e-02,3.818184178186966992e-03
9.506997084233605178e-02,3.624898826954279785e-01,5.424401464622357061e-01
9.445511376752909749e-01,5.042022255129487152e-02,5.028639773414110212e-03
7.928968757773184883e-01,6.347641507311141407e-02,1.436267091495699311e-01
2.521915701507607688e-01,3.545074109632398440e-01,3.933010188859992207e-01
8.306597847089066192e-03,4.735163318318703907e-02,9.443417689697237716e-01
3.264063012739538278e-02,2.858280593004374967e-02,9.387765639425605935e-01
7.930740007979014683e-01,1.116395511582139594e-01,9.528644804388453071e-02
9.642029507232798835e-01,3.315791227868930546e-02,2.639136998030748582e-03
6.960291918630267735e-03,7.445862776974822295e-02,9.185810803116214451e-01
1.699923474709541873e-02,1.624841857689078295e-01,8.205165794839966997e-01
5.063650576008967841e-01,3.934044860963355483e-01,1.002304563027677231e-01
2.479163807101119610e-01,3.735105355676051064e-01,3.785730837222829881e-01
3.227199850099001788e-01,8.973267790717626147e-02,5.875473370829236153e-01
8.501228177098941741e-01,1.000419296161266375e-01,4.983525267397925090e-02
3.672175950610499090e-02,1.589571410797347151e-01,8.043210994141604120e-01
6.513928872699407957e-02,1.934009394297628026e-01,7.414597718432431872e-01
8.993820441188500256e-03,7.469357373457090332e-02,9.163126058242404559e-01
1.433016419705207068e-03,5.058684222545093562e-02,9.479801413548437639e-01
